6.726204752922058105e-01 -2.865046262741088867e-02 1.222275011241436005e-02 2.438713982701301575e-02 1.600863615749403834e-04 8.625801652669906616e-03 1.081015262752771378e-02 1.256432384252548218e-02 1.841745525598526001e-02 5.671460530720651150e-04 2.534167608246207237e-03 4.960225895047187805e-03 1.072393171489238739e-02 -1.856467127799987793e-02 8.833726868033409119e-03 -1.120430417358875275e-03 3.486947389319539070e-03 -4.513630643486976624e-03 1.220445055514574051e-02 6.804330274462699890e-03 2.126588486135005951e-02 -6.239712238311767578e-03 2.899305708706378937e-02 -3.121595131233334541e-03 -6.864502094686031342e-03 2.167085371911525726e-02 -1.450001634657382965e-02 6.303360220044851303e-03 1.108988933265209198e-02 -1.580780744552612305e-02 1.178363617509603500e-02 2.466966956853866577e-02 1.074792537838220596e-02 -3.320341557264328003e-02 -2.134478837251663208e-02 3.662626259028911591e-03 4.792701825499534607e-02 -2.225139643996953964e-03 -1.427742652595043182e-02 1.318533252924680710e-02 -2.946024760603904724e-02 -2.063574269413948059e-02 9.054930880665779114e-03 6.264836527407169342e-03 1.869724504649639130e-02 3.354974463582038879e-02 -1.032375497743487358e-03 -9.585649706423282623e-03 -1.680629327893257141e-02 -1.243777293711900711e-02 -8.543091826140880585e-03 7.754651363939046860e-03 1.872802339494228363e-02 -1.587185077369213104e-02 -1.752970181405544281e-02 -9.900202043354511261e-03 2.863132022321224213e-02 7.668082602322101593e-03 1.982825435698032379e-02 1.565433666110038757e-02 -1.055309176445007324e-02 -3.986150957643985748e-03 1.341554615646600723e-02 -3.736202791333198547e-02 -1.442235056310892105e-02 -1.125219184905290604e-02 -2.669207565486431122e-02 -3.731982782483100891e-02 -2.252305857837200165e-02 -1.513364724814891815e-02 -2.004795894026756287e-02 -2.210805937647819519e-02 7.703339681029319763e-03 -1.571265235543251038e-02 -9.226791560649871826e-03 -2.799096517264842987e-02 6.138604367151856422e-04 -1.799565926194190979e-02 -3.160283342003822327e-02 -6.401974242180585861e-03 -2.258295752108097076e-02 -4.085622727870941162e-02 -2.448183484375476837e-02 -3.759237751364707947e-02 -2.256930619478225708e-02 -3.347844257950782776e-02 -1.636726595461368561e-02 -4.211951512843370438e-03 -8.474838687106966972e-04 -9.105900302529335022e-03 -8.059446699917316437e-03 -2.222837135195732117e-02 -5.603914149105548859e-03 -9.764829650521278381e-03 -3.949327021837234497e-02 -2.976701036095619202e-02 -3.473594039678573608e-02 -2.093974128365516663e-02 -9.115901775658130646e-03 5.179173313081264496e-03 -6.478561088442802429e-03
-2.865046262741088867e-02 7.418980002403259277e-01 -1.759618893265724182e-02 -1.054020412266254425e-02 -1.326488144695758820e-02 -2.796220220625400543e-02 -2.864796854555606842e-02 -1.011706795543432236e-02 -2.435770072042942047e-02 1.557885762304067612e-02 -5.229943897575139999e-03 2.292005345225334167e-03 -2.293320372700691223e-02 -1.359594985842704773e-02 -3.213370684534311295e-03 -2.806917065754532814e-03 -3.263360261917114258e-02 -1.797771453857421875e-02 -1.307510770857334137e-02 -2.843281626701354980e-02 -1.381950080394744873e-02 -3.686910122632980347e-02 -3.335932269692420959e-02 1.696318737231194973e-03 4.929204471409320831e-03 -1.899193972349166870e-02 -6.427993997931480408e-03 -2.395017305389046669e-03 -2.094271965324878693e-02 3.121764771640300751e-02 -3.489154204726219177e-02 -3.552515804767608643e-02 4.583894833922386169e-02 2.097203209996223450e-02 2.372290566563606262e-02 1.930319517850875854e-02 -3.138110786676406860e-02 -1.644726656377315521e-02 2.240292541682720184e-02 1.247851829975843430e-02 1.507494226098060608e-02 1.716329529881477356e-02 -3.523754328489303589e-02 -3.804620727896690369e-02 2.337512932717800140e-02 -3.367179632186889648e-02 2.248951978981494904e-02 3.561116522178053856e-03 1.746775582432746887e-02 2.215525880455970764e-02 2.312962710857391357e-02 -1.094916276633739471e-02 -8.259048685431480408e-03 2.349235862493515015e-02 2.464601397514343262e-02 2.661300823092460632e-02 -2.975349314510822296e-02 -9.962709620594978333e-03 -3.935418650507926941e-02 -4.025866836309432983e-02 2.486665174365043640e-02 1.812134683132171631e-02 -2.935579977929592133e-02 -5.713538266718387604e-04 -2.595835365355014801e-02 -2.982609719038009644e-02 -3.023064881563186646e-02 3.606744110584259033e-02 3.504381980746984482e-03 8.116413839161396027e-03 2.398183196783065796e-02 1.106805913150310516e-02 1.465202588587999344e-02 1.302978256717324257e-03 -2.672787569463253021e-02 -3.523970954120159149e-03 -3.117031790316104889e-02 -2.370373345911502838e-02 -2.650113776326179504e-02 -2.227527787908911705e-03 -8.932130411267280579e-03 -2.741960110142827034e-03 -6.644304376095533371e-03 1.890073344111442566e-02 -5.509509705007076263e-03 8.862981572747230530e-03 -2.622236125171184540e-02 -1.452149823307991028e-02 -1.974279992282390594e-02 -1.875003986060619354e-02 -2.738726325333118439e-02 1.201136736199259758e-03 -2.980165556073188782e-02 4.362546897027641535e-04 -1.560027338564395905e-02 -1.261073513887822628e-03 1.810145005583763123e-02 -1.165852509438991547e-02 -1.979371905326843262e-02 -1.225513592362403870e-02 -1.181888207793235779e-02
1.222275011241436005e-02 -1.759618893265724182e-02 7.282745242118835449e-01 7.246135268360376358e-03 1.295702182687819004e-03 7.073505781590938568e-03 -1.716128550469875336e-02 -4.424444399774074554e-03 4.681278020143508911e-03 -1.161456573754549026e-02 1.601595897227525711e-03 1.079419534653425217e-02 1.413376629352569580e-02 -2.033169567584991455e-02 1.543724723160266876e-02 -8.144923485815525055e-03 -2.507733553647994995e-02 1.695899479091167450e-02 -1.036265958100557327e-02 -6.437322124838829041e-03 1.352489367127418518e-02 -1.729004271328449249e-02 -4.745611920952796936e-03 2.025800640694797039e-04 2.273508813232183456e-03 3.678755369037389755e-03 -6.502905394881963730e-03 -2.029352122917771339e-03 3.949107136577367783e-03 -9.858990088105201721e-03 -1.012669061310589314e-03 -1.233681943267583847e-02 -9.919694624841213226e-03 -2.648549713194370270e-02 -4.428138490766286850e-03 -4.672072827816009521e-03 1.023286138661205769e-03 -1.474567037075757980e-02 -6.435882300138473511e-03 -1.137404702603816986e-02 -1.452948991209268570e-02 1.680001243948936462e-02 -1.972196064889431000e-02 -5.948189180344343185e-03 -1.599699258804321289e-02 5.534154828637838364e-03 5.740765482187271118e-04 2.559983637183904648e-03 -4.486940801143646240e-03 -6.476825801655650139e-04 -6.743373814970254898e-03 -3.846453968435525894e-03 1.566674560308456421e-02 -2.997641079127788544e-02 -2.159656397998332977e-02 -9.291660971939563751e-03 1.055246777832508087e-02 5.742640700191259384e-03 -2.174746617674827576e-02 -1.284721074625849724e-03 -1.485680323094129562e-02 -2.647875994443893433e-02 -8.151208981871604919e-03 -9.137844899669289589e-04 -1.953219063580036163e-03 1.411398872733116150e-03 2.597079845145344734e-03 -2.524468488991260529e-02 -5.195902660489082336e-03 -1.050456427037715912e-02 -1.376840285956859589e-02 -1.582466438412666321e-02 -1.815127581357955933e-02 1.038908492773771286e-02 -6.301842164248228073e-03 -5.559063516557216644e-03 7.912292145192623138e-03 -1.359197031706571579e-02 -2.661382965743541718e-02 -9.243128821253776550e-03 9.200500324368476868e-03 -9.903181344270706177e-04 -1.072637457400560379e-02 -2.910538343712687492e-03 3.246981883421540260e-03 -1.911730505526065826e-02 -2.279464341700077057e-02 7.068741600960493088e-03 1.216616597957909107e-03 -2.945771999657154083e-02 -2.984290756285190582e-02 -1.852401159703731537e-02 4.123824648559093475e-03 -6.930361967533826828e-03 -5.566822364926338196e-03 1.014067907817661762e-03 1.225793268531560898e-03 -7.478879299014806747e-03 -3.784739226102828979e-02 -2.248367108404636383e-02 -8.954165503382682800e-03
2.438713982701301575e-02 -1.054020412266254425e-02 7.246135268360376358e-03 7.527415156364440918e-01 -1.455791480839252472e-02 1.421037409454584122e-02 3.816663753241300583e-03 1.154822856187820435e-02 -2.758559305220842361e-03 2.185862325131893158e-02 1.456578355282545090e-02 8.773933164775371552e-03 1.638221368193626404e-02 4.481188487261533737e-03 8.830896578729152679e-03 1.375347375869750977e-02 -2.771113766357302666e-03 3.408375382423400879e-02 8.225956000387668610e-03 4.168509971350431442e-03 -9.652744047343730927e-03 -4.570613091345876455e-04 1.598696038126945496e-02 2.026037871837615967e-02 1.149891689419746399e-02 4.331065714359283447e-02 -2.135210484266281128e-02 1.538216415792703629e-02 8.960596285760402679e-03 -9.265795350074768066e-03 8.794857421889901161e-05 1.417830958962440491e-02 -9.163295617327094078e-04 -2.180959656834602356e-02 4.246061434969305992e-04 -1.318365451879799366e-03 1.530223432928323746e-02 1.344733126461505890e-02 -1.033372618257999420e-02 -2.921314910054206848e-03 5.908400751650333405e-03 2.184996940195560455e-02 8.787410333752632141e-03 -6.576729472726583481e-03 5.948151461780071259e-03 1.297236140817403793e-02 1.381825283169746399e-02 -1.391094923019409180e-02 -1.162618957459926605e-02 1.067954301834106445e-02 -3.236175980418920517e-03 9.295328520238399506e-03 2.135703712701797485e-02 1.549611799418926239e-02 -2.297242730855941772e-02 -2.692192792892456055e-02 2.602775953710079193e-02 2.937180362641811371e-02 7.869284600019454956e-03 1.759467087686061859e-02 -4.722355399280786514e-03 -8.494883775711059570e-03 5.388820427469909191e-04 -1.916993968188762665e-02 -1.669888570904731750e-02 -1.282099913805723190e-02 -1.989420317113399506e-02 -2.121435105800628662e-02 -1.246003434062004089e-02 -1.638502441346645355e-02 -3.117803251370787621e-03 -1.532177906483411789e-03 -4.863156378269195557e-02 -1.293218135833740234e-02 -4.157972708344459534e-02 -2.179079316556453705e-02 -1.914322748780250549e-02 8.164088241755962372e-03 -2.768898941576480865e-02 -3.120534494519233704e-02 -3.393116174265742302e-03 -5.115171894431114197e-03 1.189742423593997955e-02 -2.938634157180786133e-02 -3.320387005805969238e-02 -2.578052319586277008e-02 -1.328298356384038925e-02 -2.065073885023593903e-02 -1.169001124799251556e-02 -1.761060580611228943e-02 3.547615837305784225e-03 -4.309425130486488342e-02 6.172194611281156540e-03 -2.403193525969982147e-02 -1.568430103361606598e-02 -1.779665239155292511e-02 -1.942827925086021423e-02 3.036144771613180637e-04 -2.658979222178459167e-02 -2.530282549560070038e-02 -6.881411187350749969e-03
1.600863615749403834e-04 -1.326488144695758820e-02 1.295702182687819004e-03 -1.455791480839252472e-02 7.241070270538330078e-01 9.965211153030395508e-03 -9.454114362597465515e-03 -7.709408178925514221e-03 8.925729431211948395e-03 -8.777489885687828064e-03 3.950381185859441757e-03 -1.470386050641536713e-02 2.276958897709846497e-03 -1.648483425378799438e-02 -1.884054392576217651e-02 -2.187035605311393738e-02 -7.026872131973505020e-03 -2.550455927848815918e-02 -1.789017952978610992e-02 -2.766283042728900909e-02 6.267690099775791168e-03 -2.330176904797554016e-02 -8.410987444221973419e-03 -1.466923765838146210e-02 -1.044192910194396973e-02 -9.919519536197185516e-03 -2.531003439798951149e-03 -2.294039912521839142e-02 6.008877977728843689e-02 3.992416895925998688e-03 2.510843053460121155e-02 1.649642945267260075e-03 -3.025365807116031647e-02 -2.066139504313468933e-02 -2.242054231464862823e-02 -1.878958940505981445e-02 1.383032370358705521e-02 -9.263398125767707825e-03 -2.981996722519397736e-02 -2.448715828359127045e-02 -2.196205966174602509e-02 -5.213081836700439453e-02 -6.713230162858963013e-03 4.236877337098121643e-02 -2.627101913094520569e-02 1.766190491616725922e-02 -2.283441089093685150e-02 -3.128921613097190857e-02 -2.460933849215507507e-02 -1.684554293751716614e-02 -1.667431369423866272e-02 -1.901437528431415558e-02 -8.168707601726055145e-03 -3.270269930362701416e-02 1.220453996211290359e-03 -2.666043490171432495e-02 1.137426961213350296e-02 -1.715708337724208832e-02 8.866580319590866566e-04 1.096271537244319916e-02 -1.876647025346755981e-02 -3.492577373981475830e-02 2.952569536864757538e-02 -2.082592621445655823e-02 1.300700940191745758e-02 9.538796148262917995e-04 5.071329884231090546e-03 -2.051236107945442200e-02 8.052742341533303261e-04 7.537712343037128448e-03 -2.865714579820632935e-02 -9.880605153739452362e-03 -3.472793474793434143e-02 -1.862079277634620667e-02 -1.640771701931953430e-02 9.086291305720806122e-03 3.708757832646369934e-02 -2.279140986502170563e-03 5.856988485902547836e-03 -1.875329948961734772e-02 -1.521862298250198364e-02 -3.433177247643470764e-02 -1.754113286733627319e-02 -1.797414384782314301e-02 -3.825591877102851868e-02 -5.563936661928892136e-03 2.579392865300178528e-03 1.005723141133785248e-02 1.055112574249505997e-03 -1.416768692433834076e-02 -5.422222893685102463e-03 -1.441838406026363373e-02 -3.485912829637527466e-02 -2.545052766799926758e-02 -1.665018382482230663e-03 1.785658299922943115e-02 -1.048245094716548920e-02 3.291299566626548767e-03 1.723292656242847443e-02 8.536398410797119141e-03 4.760283604264259338e-02
8.625801652669906616e-03 -2.796220220625400543e-02 7.073505781590938568e-03 1.421037409454584122e-02 9.965211153030395508e-03 7.249047756195068359e-01 1.020244788378477097e-03 1.322598475962877274e-02 6.044143810868263245e-03 -3.655856708064675331e-03 2.046564035117626190e-02 1.006472948938608170e-02 1.305632386356592178e-02 -2.231909893453121185e-03 1.267689932137727737e-02 2.512685954570770264e-03 -8.966933935880661011e-03 -1.958592422306537628e-02 2.491880580782890320e-02 -1.778783462941646576e-02 -8.403017185628414154e-03 1.874498440884053707e-03 2.144507318735122681e-02 -1.625452563166618347e-02 -1.579667069017887115e-02 4.036443307995796204e-02 -2.933846786618232727e-03 6.412859074771404266e-03 -3.980635665357112885e-03 -4.103532526642084122e-03 -1.399004831910133362e-02 -3.417380154132843018e-03 -3.583323908969759941e-03 -1.105487719178199768e-02 -2.705315826460719109e-03 1.405181712470948696e-03 1.030113641172647476e-02 -9.799198247492313385e-03 1.792590948753058910e-03 -7.079692091792821884e-03 -2.479217387735843658e-02 -2.023841068148612976e-02 7.667620200663805008e-03 -1.244000531733036041e-02 -1.012413762509822845e-03 1.685654046013951302e-03 1.705472730100154877e-02 -5.896756425499916077e-03 1.186261326074600220e-02 -2.855937229469418526e-03 -2.677194774150848389e-02 1.035771332681179047e-02 8.325643837451934814e-03 3.741592867299914360e-03 4.302698187530040741e-03 -1.336983218789100647e-02 2.293345145881175995e-02 1.508582103997468948e-02 6.508017890155315399e-03 1.602790132164955139e-02 -1.076407358050346375e-02 -1.266527269035577774e-02 -7.565118372440338135e-03 -6.977435667067766190e-03 -1.590958051383495331e-02 3.725170390680432320e-03 -2.354319766163825989e-02 -4.038143530488014221e-02 7.496056612581014633e-03 -1.998001523315906525e-02 -3.874551877379417419e-02 -2.482197619974613190e-02 -3.406774252653121948e-02 -1.326587051153182983e-02 -1.239607110619544983e-02 -3.674883767962455750e-02 -2.037235163152217865e-02 5.178122781217098236e-03 -2.665648469701409340e-03 -1.534893084317445755e-02 -2.168512903153896332e-02 -5.483720451593399048e-03 -1.033896114677190781e-04 -2.823418378829956055e-02 1.151643320918083191e-02 -2.069598436355590820e-02 -2.554334886372089386e-02 -1.223091036081314087e-02 1.191081246361136436e-03 7.922866381704807281e-03 -1.905318722128868103e-02 3.408572811167687178e-04 -1.628063619136810303e-02 -7.495166733860969543e-03 -3.023521974682807922e-03 -2.080222964286804199e-02 -1.408203039318323135e-02 -1.714084297418594360e-02 -3.356160596013069153e-02 -2.569365128874778748e-02 -1.326111890375614166e-02
1.081015262752771378e-02 -2.864796854555606842e-02 -1.716128550469875336e-02 3.816663753241300583e-03 -9.454114362597465515e-03 1.020244788378477097e-03 7.100061774253845215e-01 2.744886442087590694e-04 1.184004731476306915e-02 4.048954870086163282e-04 3.168723545968532562e-03 -5.687656812369823456e-03 1.265588030219078064e-02 -6.713228300213813782e-03 7.520159706473350525e-03 3.727698232978582382e-03 -6.064784247428178787e-03 2.885736338794231415e-02 9.856401011347770691e-03 -8.146072737872600555e-03 5.703835282474756241e-03 1.579362526535987854e-02 2.242534421384334564e-02 2.115806797519326210e-03 1.802645251154899597e-02 1.597033813595771790e-02 -9.365935809910297394e-03 -1.209864951670169830e-02 -1.583714783191680908e-02 -1.002132426947355270e-02 2.554638311266899109e-02 1.105328369885683060e-02 3.853937087114900351e-04 -2.934592589735984802e-02 -2.105002477765083313e-02 2.060545608401298523e-02 -5.351104773581027985e-04 9.617538191378116608e-03 -6.482069380581378937e-03 -5.352770444005727768e-03 4.011683631688356400e-03 -6.147890817373991013e-03 -9.068308398127555847e-03 3.066911362111568451e-03 -6.136171519756317139e-03 -8.074561133980751038e-03 1.444693282246589661e-02 -1.660259626805782318e-02 -1.441965252161026001e-02 1.912191323935985565e-02 -2.807786315679550171e-02 1.306380145251750946e-02 2.458683401346206665e-02 6.116899196058511734e-03 -2.275255508720874786e-02 -2.336421608924865723e-02 1.159891393035650253e-02 1.604806631803512573e-02 1.341002713888883591e-02 1.507787872105836868e-02 -2.874476276338100433e-02 -2.146780025213956833e-03 -1.922987401485443115e-02 -1.879117451608181000e-02 -2.424419857561588287e-02 -3.724233061075210571e-02 -2.470003440976142883e-02 -4.336704034358263016e-03 -2.482089772820472717e-02 4.097742959856987000e-03 -5.013958085328340530e-03 -3.333711996674537659e-02 -5.654061585664749146e-02 -1.074664760380983353e-02 -8.838387206196784973e-03 -2.469956874847412109e-02 -1.903641037642955780e-02 -1.787407696247100830e-02 -1.415280438959598541e-02 1.487848476244835183e-05 -4.516382142901420593e-02 -3.729935735464096069e-03 -3.760456666350364685e-02 8.210186846554279327e-03 -1.668153330683708191e-02 1.171101815998554230e-02 -2.111107856035232544e-02 -1.092889439314603806e-02 -7.488560862839221954e-03 1.670242100954055786e-02 -9.863753803074359894e-03 -2.272668294608592987e-02 -3.222100436687469482e-02 -2.272950485348701477e-02 9.600874036550521851e-03 6.436806288547813892e-04 -1.770059205591678619e-02 -6.359295453876256943e-03 -1.090231724083423615e-02 -2.062810771167278290e-02 -2.337560057640075684e-03
1.256432384252548218e-02 -1.011706795543432236e-02 -4.424444399774074554e-03 1.154822856187820435e-02 -7.709408178925514221e-03 1.322598475962877274e-02 2.744886442087590694e-04 7.610653638839721680e-01 1.261148415505886078e-02 1.031777262687683105e-02 -6.347370333969593048e-03 7.538387551903724670e-03 7.405652198940515518e-03 3.895765868946909904e-03 1.390365976840257645e-02 8.350955322384834290e-03 1.191531540825963020e-03 5.613869521766901016e-03 -1.329747377894818783e-03 -1.528797857463359833e-02 9.761967696249485016e-03 -2.417975105345249176e-02 5.413945298641920090e-03 8.989929221570491791e-03 1.090857665985822678e-02 1.675645634531974792e-02 -1.535615604370832443e-02 2.496702969074249268e-02 2.019019564613699913e-03 3.389473306015133858e-03 1.359419617801904678e-02 8.936402387917041779e-03 7.587051950395107269e-03 -1.257272716611623764e-02 1.014741952531039715e-03 1.274954527616500854e-02 1.227927207946777344e-02 2.407648134976625443e-03 1.157914195209741592e-02 -9.400886483490467072e-03 4.371616058051586151e-03 -2.116169035434722900e-02 1.547099370509386063e-02 4.432157613337039948e-03 -3.351376391947269440e-03 2.011738158762454987e-02 1.034869160503149033e-02 -1.223310362547636032e-02 -1.004833076149225235e-02 2.275121398270130157e-03 -2.450421452522277832e-02 4.851108044385910034e-02 3.253389894962310791e-02 3.007468068972229958e-03 -2.394489385187625885e-02 -1.889889873564243317e-02 4.255008324980735779e-02 2.339599281549453735e-02 1.353598013520240784e-02 1.392001006752252579e-02 -1.209064014256000519e-02 -1.539749372750520706e-02 6.693507544696331024e-03 -6.158402655273675919e-03 -1.717291958630084991e-02 8.448576554656028748e-04 -1.599163189530372620e-02 -2.428695000708103180e-02 4.387908149510622025e-03 -2.012236602604389191e-02 -4.124599695205688477e-02 -1.812413707375526428e-02 -2.774824388325214386e-02 -5.410124547779560089e-03 -1.667499728500843048e-02 -3.286732733249664307e-02 3.089061705395579338e-03 -1.223280094563961029e-02 -1.769566349685192108e-02 -3.109212964773178101e-02 -2.413845807313919067e-02 -5.624431651085615158e-05 -2.191584557294845581e-02 -2.973464503884315491e-02 -3.899593604728579521e-03 -3.329930827021598816e-02 -1.086163241416215897e-02 -1.059090252965688705e-02 -4.150771535933017731e-03 -1.225183811038732529e-02 -1.017203740775585175e-02 -3.302679955959320068e-02 -1.251786248758435249e-03 -2.211310528218746185e-02 -8.144273422658443451e-03 -5.926431622356176376e-03 -2.010993473231792450e-02 -1.086765993386507034e-02 -2.738909982144832611e-02 -2.301341667771339417e-02 -1.010369043797254562e-02
1.841745525598526001e-02 -2.435770072042942047e-02 4.681278020143508911e-03 -2.758559305220842361e-03 8.925729431211948395e-03 6.044143810868263245e-03 1.184004731476306915e-02 1.261148415505886078e-02 7.154309749603271484e-01 4.318231251090764999e-03 -1.264410931617021561e-02 1.915638893842697144e-02 2.947506960481405258e-03 -3.491751151159405708e-03 1.746882311999797821e-02 -3.838924225419759750e-03 -2.024641958996653557e-03 8.429899811744689941e-03 -2.293536067008972168e-02 2.706521563231945038e-02 -4.139052703976631165e-03 5.348289851099252701e-03 2.451349794864654541e-02 -7.243747357279062271e-03 2.222137758508324623e-03 -7.783616427332162857e-03 5.715679726563394070e-04 -2.364893676713109016e-03 6.139913573861122131e-03 -4.858513828366994858e-03 1.630645059049129486e-02 2.501605264842510223e-02 -1.169373653829097748e-02 -3.774209693074226379e-02 -3.675217553973197937e-02 -2.241755276918411255e-02 2.296370081603527069e-02 -4.128825385123491287e-03 -3.749961033463478088e-02 -1.397564355283975601e-02 -2.856480143964290619e-02 -8.399380370974540710e-03 -9.281162172555923462e-03 2.625089837238192558e-03 -1.797688566148281097e-02 7.041386794298887253e-03 -1.002463418990373611e-02 -1.998958550393581390e-02 -3.362423181533813477e-02 -1.525787077844142914e-02 -3.441618382930755615e-02 9.811248630285263062e-03 2.490379661321640015e-02 -2.389227598905563354e-02 -4.198593273758888245e-02 2.191384695470333099e-02 3.048536553978919983e-02 -1.164359971880912781e-02 1.753252930939197540e-02 -4.342191386967897415e-03 -1.881790906190872192e-02 -1.276111416518688202e-02 3.781722160056233406e-03 -2.157174423336982727e-02 -3.352821990847587585e-02 -3.757875179871916771e-03 -8.051545359194278717e-03 -2.798940055072307587e-02 -2.092710882425308228e-02 -1.386347971856594086e-02 -3.707697242498397827e-02 -5.542670376598834991e-03 -2.378026768565177917e-02 -5.507180467247962952e-03 -1.365642063319683075e-02 -7.005847524851560593e-03 3.522966057062149048e-02 -2.987801097333431244e-02 -1.414130534976720810e-02 3.568010171875357628e-03 -2.215078845620155334e-02 -3.771277144551277161e-02 -1.943767070770263672e-03 -1.945567503571510315e-02 -4.351624287664890289e-03 -1.495799142867326736e-02 -1.571574248373508453e-02 4.539932124316692352e-03 1.909970492124557495e-02 -1.717241667211055756e-02 1.783219352364540100e-02 -9.178949519991874695e-03 -1.794596202671527863e-02 -8.006948977708816528e-03 1.067842170596122742e-02 -3.560112416744232178e-02 -2.953747101128101349e-02 -8.581246249377727509e-03 -1.457224972546100616e-02 -2.893237583339214325e-02 3.976860607508569956e-04
5.671460530720651150e-04 1.557885762304067612e-02 -1.161456573754549026e-02 2.185862325131893158e-02 -8.777489885687828064e-03 -3.655856708064675331e-03 4.048954870086163282e-04 1.031777262687683105e-02 4.318231251090764999e-03 6.988884806632995605e-01 -6.654132623225450516e-03 1.381657831370830536e-02 4.276579711586236954e-03 -3.878283081576228142e-03 1.652578078210353851e-02 1.728268153965473175e-02 -9.113961830735206604e-03 3.661346854642033577e-03 -4.344629123806953430e-03 1.454169116914272308e-02 -9.741917252540588379e-03 -3.161660954356193542e-02 -2.729273866862058640e-03 2.086966857314109802e-02 2.614839933812618256e-03 1.394884567707777023e-02 -2.330833300948143005e-02 2.473832340911030769e-03 2.972191665321588516e-03 8.907197043299674988e-03 -2.498765534255653620e-04 1.918399822898209095e-03 3.391063539311289787e-03 -1.241768617182970047e-02 1.428281608968973160e-02 1.139642484486103058e-02 1.918575726449489594e-02 -4.103923216462135315e-03 7.829849608242511749e-03 2.349087782204151154e-02 -7.365239318460226059e-03 4.269618075340986252e-03 5.815546493977308273e-03 -3.066796623170375824e-02 6.841847207397222519e-03 -8.912048302590847015e-03 2.335687633603811264e-03 -6.788494531065225601e-03 -2.054026117548346519e-03 -1.993654668331146240e-02 -2.303029224276542664e-02 1.726751402020454407e-02 1.759443990886211395e-02 1.611866056919097900e-02 1.219328120350837708e-02 8.085057139396667480e-03 1.636119559407234192e-02 2.391560375690460205e-02 2.855841629207134247e-02 4.869222175329923630e-03 5.956030450761318207e-03 3.431156976148486137e-03 7.988670840859413147e-03 -3.100961679592728615e-03 -1.629031077027320862e-02 -1.442897599190473557e-02 -8.405303582549095154e-03 -1.987946406006813049e-02 -1.433524768799543381e-02 -2.786448225378990173e-02 -4.640582948923110962e-02 -2.127516269683837891e-02 -1.984730176627635956e-02 -1.441848371177911758e-02 -2.874908223748207092e-02 -3.734500706195831299e-02 -1.337335351854562759e-02 1.909575052559375763e-02 -2.778762765228748322e-02 -3.443123027682304382e-02 -2.522970363497734070e-02 2.334142103791236877e-03 -1.766011305153369904e-02 -1.079240627586841583e-02 -1.697733066976070404e-02 3.124281531199812889e-03 -4.386934917420148849e-03 -2.573083713650703430e-02 -2.274032309651374817e-02 -9.206749498844146729e-03 -3.828887268900871277e-02 -4.003006964921951294e-03 7.145432755351066589e-03 5.304892547428607941e-04 3.394643776118755341e-03 -1.474410481750965118e-02 -3.135761618614196777e-02 -1.660939678549766541e-02 -1.392581127583980560e-02 -1.613887585699558258e-02 -2.874174527823925018e-02
2.534167608246207237e-03 -5.229943897575139999e-03 1.601595897227525711e-03 1.456578355282545090e-02 3.950381185859441757e-03 2.046564035117626190e-02 3.168723545968532562e-03 -6.347370333969593048e-03 -1.264410931617021561e-02 -6.654132623225450516e-03 6.837284564971923828e-01 -1.244180090725421906e-02 -2.226086705923080444e-02 -5.772016476839780807e-03 7.921398617327213287e-03 3.714629448950290680e-03 -2.590797841548919678e-02 2.412524772807955742e-03 -3.225388377904891968e-02 4.067809786647558212e-03 -1.780569553375244141e-02 -2.117576450109481812e-02 3.190257819369435310e-03 1.852028258144855499e-02 1.228486653417348862e-02 -1.094417530111968517e-04 -1.490716263651847839e-02 5.873583257198333740e-03 -1.797602511942386627e-02 -9.444147348403930664e-03 1.016225107014179230e-02 4.674571007490158081e-02 4.584317095577716827e-03 -1.713690534234046936e-02 -1.557770278304815292e-02 -4.683789331465959549e-03 8.825888857245445251e-03 -2.444192767143249512e-02 -2.162541449069976807e-02 5.179653316736221313e-02 -1.422937214374542236e-02 -3.287430154159665108e-03 -6.924321409314870834e-03 -3.628574078902602196e-03 -2.229145541787147522e-02 2.155032753944396973e-02 -1.760371029376983643e-02 -9.177048690617084503e-03 -1.798008568584918976e-02 -8.130895905196666718e-03 -1.291970838792622089e-03 -1.732762670144438744e-03 3.468577191233634949e-02 1.303539052605628967e-02 2.907829172909259796e-02 -2.311303094029426575e-02 2.965325303375720978e-02 3.613018617033958435e-02 -1.604212448000907898e-02 2.904729545116424561e-02 -1.108310651034116745e-02 -7.118233479559421539e-03 -1.255303155630826950e-02 -1.823460869491100311e-02 4.063216038048267365e-03 6.624374538660049438e-03 -4.183157160878181458e-02 -4.071555286645889282e-02 -4.354605451226234436e-02 -2.606803923845291138e-02 -1.153605873696506023e-03 -1.480191387236118317e-02 -7.620372809469699860e-03 1.669869874604046345e-03 -3.163406252861022949e-02 -2.370634116232395172e-02 -1.983118616044521332e-02 -4.671029746532440186e-03 -2.502405829727649689e-02 -2.342414297163486481e-02 1.603664085268974304e-02 -8.169860579073429108e-03 1.512376312166452408e-02 -2.511046826839447021e-02 2.572616096585988998e-03 -3.785947337746620178e-02 -1.845128135755658150e-03 -6.799799855798482895e-03 5.011370871216058731e-03 2.862497605383396149e-02 -2.810801193118095398e-02 -3.431666269898414612e-02 1.182515174150466919e-02 1.035442762076854706e-02 -1.045975834131240845e-02 2.107677236199378967e-02 -9.691968560218811035e-03 -2.657687291502952576e-03 -3.458258882164955139e-02 -2.042019739747047424e-02 -3.609336912631988525e-02
4.960225895047187805e-03 2.292005345225334167e-03 1.079419534653425217e-02 8.773933164775371552e-03 -1.470386050641536713e-02 1.006472948938608170e-02 -5.687656812369823456e-03 7.538387551903724670e-03 1.915638893842697144e-02 1.381657831370830536e-02 -1.244180090725421906e-02 7.037098407745361328e-01 2.797312103211879730e-03 -3.239748068153858185e-03 2.698536496609449387e-03 1.929849572479724884e-02 -9.233877062797546387e-03 -1.530816033482551575e-02 4.672102164477109909e-03 -9.829765185713768005e-03 -1.303859986364841461e-02 5.895626964047551155e-04 1.774214394390583038e-02 1.639074459671974182e-02 1.496167294681072235e-02 -4.226614837534725666e-04 -1.304877735674381256e-02 3.072662092745304108e-02 -1.501562353223562241e-02 -4.128800705075263977e-03 -1.580674201250076294e-02 -4.140464123338460922e-03 1.476896088570356369e-02 -5.681499838829040527e-03 3.924946300685405731e-03 3.074882319197058678e-03 -5.760393571108579636e-03 9.052498266100883484e-03 1.210491638630628586e-02 1.160926464945077896e-02 1.976384408771991730e-02 3.721968969330191612e-03 1.603792235255241394e-02 -1.278597768396139145e-02 1.975487917661666870e-02 3.083137795329093933e-03 1.202804874628782272e-02 6.955932825803756714e-03 -5.107914563268423080e-03 -1.423079613596200943e-02 -5.117279943078756332e-03 4.545105155557394028e-03 8.513563312590122223e-03 -5.763712339103221893e-03 -2.436268515884876251e-02 -8.485402911901473999e-03 1.721749454736709595e-02 2.922491542994976044e-02 1.551461592316627502e-02 1.985015720129013062e-02 7.603022269904613495e-03 -1.431702054105699062e-03 -1.327450107783079147e-02 -1.567322388291358948e-02 -3.133725747466087341e-02 -5.939859547652304173e-04 2.574927173554897308e-02 -6.408364977687597275e-03 -2.806700766086578369e-02 -3.850072249770164490e-02 5.537564400583505630e-03 3.116893116384744644e-03 -3.025676868855953217e-02 -3.607281250879168510e-03 -2.915209159255027771e-02 -2.409215830266475677e-02 -8.337105624377727509e-03 -2.300891280174255371e-02 -2.582379803061485291e-02 -1.414231862872838974e-02 -3.658547764644026756e-03 -8.951900526881217957e-04 -2.407422289252281189e-02 -1.648701541125774384e-02 1.474581426009535789e-03 5.281172227114439011e-03 -2.242265827953815460e-02 -3.784992918372154236e-02 6.475785747170448303e-03 -2.554521523416042328e-02 -2.034078538417816162e-02 -1.184005010873079300e-02 -1.279189158231019974e-02 -3.978755325078964233e-02 -1.103883888572454453e-02 -3.814196959137916565e-02 -1.048735715448856354e-02 -1.242217328399419785e-02 -3.111602179706096649e-02 -2.763873524963855743e-02 -3.476592525839805603e-02
1.072393171489238739e-02 -2.293320372700691223e-02 1.413376629352569580e-02 1.638221368193626404e-02 2.276958897709846497e-03 1.305632386356592178e-02 1.265588030219078064e-02 7.405652198940515518e-03 2.947506960481405258e-03 4.276579711586236954e-03 -2.226086705923080444e-02 2.797312103211879730e-03 7.077437639236450195e-01 -1.287730690091848373e-02 9.048515930771827698e-03 -7.989054545760154724e-03 -1.100742910057306290e-02 -6.090546026825904846e-03 -4.738042131066322327e-03 -1.803653128445148468e-02 1.670987717807292938e-02 -2.944100880995392799e-03 1.067316345870494843e-02 -1.315305847674608231e-02 -9.543511085212230682e-03 -1.831186935305595398e-02 1.445952220819890499e-03 -1.211982686072587967e-02 1.628884673118591309e-02 -1.916174776852130890e-02 5.139092449098825455e-03 1.194651145488023758e-02 -1.067092455923557281e-02 -1.585421524941921234e-02 -8.298804052174091339e-03 1.810058834962546825e-03 2.029299363493919373e-02 4.428110551089048386e-03 -2.642358653247356415e-03 -2.293794043362140656e-02 -3.050983324646949768e-02 -2.493743970990180969e-02 1.263426803052425385e-02 5.662263836711645126e-03 -1.719342358410358429e-02 1.488883979618549347e-03 -2.102190628647804260e-02 -1.255046483129262924e-02 -1.520013157278299332e-02 6.366280722431838512e-04 -2.135956473648548126e-02 1.819283328950405121e-02 2.767593134194612503e-03 -6.531030405312776566e-03 3.674639388918876648e-03 -7.631841115653514862e-03 2.284397557377815247e-02 4.553601145744323730e-03 1.326485816389322281e-02 1.013174466788768768e-02 -9.527196176350116730e-03 -1.323827356100082397e-02 1.551682781428098679e-02 -1.920005306601524353e-02 -2.652405761182308197e-02 -4.166266880929470062e-03 -1.104161702096462250e-02 9.973808191716670990e-04 2.039631363004446030e-04 -2.810723520815372467e-02 -2.404531696811318398e-03 -2.719464153051376343e-02 -6.769014056771993637e-03 -8.325603790581226349e-03 -2.074253000319004059e-02 3.840046003460884094e-03 1.502901036292314529e-02 -3.517783246934413910e-03 -1.115339808166027069e-02 -1.321749575436115265e-02 -2.091963030397891998e-02 -3.364454954862594604e-02 -2.786491811275482178e-02 -2.594728022813796997e-02 -2.482707798480987549e-02 -1.266364846378564835e-02 6.400456186383962631e-03 -6.711809895932674408e-03 -1.167325582355260849e-02 -1.000105403363704681e-02 1.782519626431167126e-03 -1.935249380767345428e-02 -1.858815550804138184e-02 -1.980837620794773102e-02 -8.883555419743061066e-03 -1.945885643362998962e-02 -2.466004341840744019e-02 1.510819885879755020e-03 5.385321564972400665e-03 1.018390897661447525e-02 1.012131385505199432e-02
-1.856467127799987793e-02 -1.359594985842704773e-02 -2.033169567584991455e-02 4.481188487261533737e-03 -1.648483425378799438e-02 -2.231909893453121185e-03 -6.713228300213813782e-03 3.895765868946909904e-03 -3.491751151159405708e-03 -3.878283081576228142e-03 -5.772016476839780807e-03 -3.239748068153858185e-03 -1.287730690091848373e-02 6.935377717018127441e-01 8.281178772449493408e-03 4.974287003278732300e-03 1.755299419164657593e-02 1.826953887939453125e-02 9.787451475858688354e-03 2.459887473378330469e-04 8.336350438185036182e-04 -3.394339233636856079e-02 -1.009374298155307770e-02 1.433612033724784851e-02 1.402243319898843765e-02 9.057813324034214020e-03 -2.182903885841369629e-02 7.987922057509422302e-03 7.080929353833198547e-04 -1.296551711857318878e-02 6.708226166665554047e-03 1.130202133208513260e-02 -4.029970150440931320e-03 -8.359689265489578247e-03 -1.745905913412570953e-02 -2.320208027958869934e-02 -1.086262753233313560e-03 -1.001816010102629662e-03 1.056601572781801224e-02 -9.732415899634361267e-03 -3.150683129206299782e-03 -1.228938996791839600e-02 -4.678912519011646509e-04 -1.501433458179235458e-02 -2.045472851023077965e-03 -1.553320325911045074e-03 -2.310356497764587402e-02 -1.624009688384830952e-03 -1.904637785628437996e-03 8.533946820534765720e-04 -1.486938726156949997e-02 3.918297588825225830e-03 1.164999511092901230e-02 -3.709937445819377899e-03 -1.952952239662408829e-03 -1.768353953957557678e-02 -2.779246424324810505e-04 1.256695389747619629e-02 5.451900418847799301e-03 1.941937208175659180e-02 2.180550014600157738e-03 -1.953603699803352356e-02 -5.525568034499883652e-03 -2.534056641161441803e-02 -1.164923887699842453e-02 -2.215945161879062653e-02 -7.050888612866401672e-03 -6.886017974466085434e-03 2.291497774422168732e-03 -4.446414764970541000e-03 -2.404523268342018127e-02 -3.013700433075428009e-02 -3.149511292576789856e-02 -5.580467171967029572e-03 -2.235727198421955109e-02 -9.304833598434925079e-03 1.028013322502374649e-02 -5.224387859925627708e-04 2.455974754411727190e-04 -1.690184138715267181e-02 -1.818760856986045837e-02 -1.320289447903633118e-02 -1.068737730383872986e-02 -1.802322454750537872e-03 -1.403612457215785980e-02 -5.305492784827947617e-03 1.256601512432098389e-02 6.309916265308856964e-03 -1.102786790579557419e-02 3.105117066297680140e-04 -2.478044852614402771e-02 4.959660116583108902e-03 -1.648743264377117157e-02 -1.719198934733867645e-02 -3.397156018763780594e-03 -1.377396378666162491e-02 -2.702776342630386353e-02 -2.701485902070999146e-02 -1.287562120705842972e-02 -9.345093742012977600e-03 3.007649211212992668e-03
8.833726868033409119e-03 -3.213370684534311295e-03 1.543724723160266876e-02 8.830896578729152679e-03 -1.884054392576217651e-02 1.267689932137727737e-02 7.520159706473350525e-03 1.390365976840257645e-02 1.746882311999797821e-02 1.652578078210353851e-02 7.921398617327213287e-03 2.698536496609449387e-03 9.048515930771827698e-03 8.281178772449493408e-03 7.995834350585937500e-01 1.337905135005712509e-02 -3.543223021551966667e-03 1.107904501259326935e-02 2.030713297426700592e-02 -5.517249810509383678e-04 -1.250067632645368576e-02 -1.325747836381196976e-02 1.002184581011533737e-02 1.420585718005895615e-02 1.292722206562757492e-02 1.594084687530994415e-02 1.221422804519534111e-03 2.938094781711697578e-03 -1.148046273738145828e-02 1.072718575596809387e-02 -5.785712972283363342e-03 1.029980368912220001e-02 1.209525018930435181e-02 -6.888786796480417252e-03 6.990258116275072098e-03 1.525150891393423080e-02 9.817064739763736725e-03 6.737253163009881973e-03 -1.550568500533699989e-03 1.568322815001010895e-02 8.530187420547008514e-03 9.298456832766532898e-03 2.386090811342000961e-03 -6.860234774649143219e-03 5.180158186703920364e-03 3.966524731367826462e-03 2.714375779032707214e-02 -2.134186681360006332e-03 -1.077819833881221712e-04 6.008899305015802383e-03 -6.216454319655895233e-03 9.646592661738395691e-03 1.762918196618556976e-02 8.037375286221504211e-03 -6.596195045858621597e-03 -5.220514722168445587e-03 1.502111181616783142e-02 2.446368709206581116e-02 1.366042997688055038e-02 1.387731358408927917e-02 8.992507122457027435e-03 6.658208440057933331e-04 -1.340272277593612671e-02 -8.160694502294063568e-03 -8.655718527734279633e-03 -2.349562384188175201e-02 -3.105606324970722198e-02 -2.401204779744148254e-02 -9.882679209113121033e-03 -2.307617478072643280e-02 -4.006431903690099716e-03 -7.924623787403106689e-03 -2.813490666449069977e-02 -2.227115631103515625e-02 -1.866437867283821106e-02 -2.696229331195354462e-02 -2.084693871438503265e-02 -1.137448754161596298e-02 -3.916812315583229065e-02 -2.844565734267234802e-02 -4.312137607485055923e-03 -2.278569340705871582e-02 -3.049743594601750374e-03 -2.338497899472713470e-02 3.934012725949287415e-03 -1.280036102980375290e-02 -1.404676493257284164e-02 -1.917147077620029449e-02 -1.779469195753335953e-03 -5.545060615986585617e-03 -1.467312779277563095e-02 -1.676618680357933044e-02 7.197979837656021118e-03 -1.254438050091266632e-02 6.506499834358692169e-03 -2.224209718406200409e-02 -1.573858782649040222e-02 -1.531243696808815002e-02 -2.496823668479919434e-02 -1.538066193461418152e-02 -2.478199638426303864e-02
